VehicleName	TimeStamp	POS_X	POS_Y	POS_Z	Q_W	Q_X	Q_Y	Q_Z	ImageFile
Drone1	1747157751232	9.989	4.9224	0.666571	0.989924	0	0	-0.141603	img_Drone1__0_1747157751462946400.png
Drone1	1747157751301	9.989	4.9224	0.666571	0.989924	0	0	-0.141603	img_Drone1__0_1747157751533256400.png
Drone1	1747157751364	9.989	4.9224	0.666571	0.989924	0	0	-0.141603	img_Drone1__0_1747157751596982700.png
Drone1	1747157751433	9.989	4.9224	0.666571	0.989924	0	0	-0.141603	img_Drone1__0_1747157751665436500.png
Drone1	1747157751499	9.989	4.9224	0.666571	0.989924	0	0	-0.141603	img_Drone1__0_1747157751732097100.png
Drone1	1747157751568	9.989	4.9224	0.666571	0.989924	0	0	-0.141603	img_Drone1__0_1747157751799366500.png
Drone1	1747157751625	9.989	4.9224	0.666571	0.989924	0	0	-0.141603	img_Drone1__0_1747157751856993500.png
Drone1	1747157751682	9.989	4.9224	0.666571	0.989924	0	0	-0.141603	img_Drone1__0_1747157751915552100.png
Drone1	1747157751742	9.989	4.9224	0.666571	0.989924	0	0	-0.141603	img_Drone1__0_1747157751974130900.png
Drone1	1747157751802	9.989	4.9224	0.666571	0.989924	0	0	-0.141603	img_Drone1__0_1747157752034913700.png
Drone1	1747157751862	9.989	4.9224	0.666571	0.989924	0	0	-0.141603	img_Drone1__0_1747157752093882300.png
Drone1	1747157751922	9.989	4.9224	0.666571	0.989924	0	0	-0.141603	img_Drone1__0_1747157752153819000.png
Drone1	1747157751982	9.989	4.9224	0.666571	0.989924	0	0	-0.141603	img_Drone1__0_1747157752214179200.png
Drone1	1747157752042	9.989	4.9224	0.666571	0.989924	0	0	-0.141603	img_Drone1__0_1747157752275169200.png
Drone1	1747157752102	9.989	4.9224	0.666571	0.989924	0	0	-0.141603	img_Drone1__0_1747157752336965200.png
Drone1	1747157752165	9.989	4.9224	0.666571	0.989924	0	0	-0.141603	img_Drone1__0_1747157752398656400.png
Drone1	1747157752228	9.989	4.9224	0.666571	0.989924	0	0	-0.141603	img_Drone1__0_1747157752462383300.png
Drone1	1747157752297	9.989	4.9224	0.666571	0.989924	0	0	-0.141603	img_Drone1__0_1747157752530268800.png
Drone1	1747157752360	9.989	4.9224	0.666571	0.989924	0	0	-0.141603	img_Drone1__0_1747157752592979800.png
Drone1	1747157752423	9.989	4.9224	0.666571	0.989924	0	0	-0.141603	img_Drone1__0_1747157752657808200.png
Drone1	1747157752498	9.989	4.9224	0.666571	0.989924	0	0	-0.141603	img_Drone1__0_1747157752721289300.png
Drone1	1747157752552	9.989	4.9224	0.666571	0.989924	0	0	-0.141603	img_Drone1__0_1747157752785198400.png
Drone1	1747157752612	9.989	4.9224	0.666571	0.989924	0	0	-0.141603	img_Drone1__0_1747157752847437000.png
Drone1	1747157752678	9.989	4.9224	0.666571	0.989924	0	0	-0.141603	img_Drone1__0_1747157752912921800.png
Drone1	1747157752738	9.989	4.9224	0.666571	0.989924	0	0	-0.141603	img_Drone1__0_1747157752973097400.png
Drone1	1747157752801	9.989	4.9224	0.666571	0.989924	0	0	-0.141603	img_Drone1__0_1747157753034354200.png
Drone1	1747157752861	9.989	4.9224	0.666571	0.989924	0	0	-0.141603	img_Drone1__0_1747157753096234400.png
Drone1	1747157752924	9.989	4.9224	0.666571	0.989924	0	0	-0.141603	img_Drone1__0_1747157753157959300.png
Drone1	1747157752984	9.989	4.9224	0.666571	0.989924	0	0	-0.141603	img_Drone1__0_1747157753218764100.png
Drone1	1747157753050	9.989	4.9224	0.666571	0.989924	0	0	-0.141603	img_Drone1__0_1747157753283873600.png
Drone1	1747157753113	9.989	4.9224	0.666571	0.989924	0	0	-0.141603	img_Drone1__0_1747157753346466500.png
Drone1	1747157753176	9.989	4.9224	0.666571	0.989924	0	0	-0.141603	img_Drone1__0_1747157753411145800.png
Drone1	1747157753239	9.989	4.9224	0.666571	0.989924	0	0	-0.141603	img_Drone1__0_1747157753474231700.png
Drone1	1747157753302	9.989	4.9224	0.666571	0.989924	0	0	-0.141603	img_Drone1__0_1747157753536001900.png
Drone1	1747157753362	9.989	4.9224	0.666571	0.989924	0	0	-0.141603	img_Drone1__0_1747157753596531100.png
Drone1	1747157753422	9.989	4.9224	0.666571	0.989924	0	0	-0.141603	img_Drone1__0_1747157753657139400.png
Drone1	1747157753494	9.989	4.9224	0.666571	0.989924	0	0	-0.141603	img_Drone1__0_1747157753718141900.png
Drone1	1747157753542	9.989	4.9224	0.666571	0.989924	0	0	-0.141603	img_Drone1__0_1747157753776936900.png
Drone1	1747157753602	9.989	4.9224	0.666571	0.989924	0	0	-0.141603	img_Drone1__0_1747157753838315200.png
Drone1	1747157753662	9.989	4.9224	0.666571	0.989924	0	0	-0.141603	img_Drone1__0_1747157753898313800.png
Drone1	1747157753734	9.989	4.9224	0.666571	0.989924	0	0	-0.141603	img_Drone1__0_1747157753957743000.png
Drone1	1747157753785	9.989	4.9224	0.666571	0.989924	0	0	-0.141603	img_Drone1__0_1747157754021204300.png
Drone1	1747157753851	9.989	4.9224	0.666571	0.989924	0	0	-0.141603	img_Drone1__0_1747157754085858500.png
Drone1	1747157753917	9.989	4.9224	0.666571	0.989924	0	0	-0.141603	img_Drone1__0_1747157754151847800.png
Drone1	1747157753983	9.989	4.9224	0.666571	0.989924	0	0	-0.141603	img_Drone1__0_1747157754218005900.png
Drone1	1747157754049	9.989	4.9224	0.666571	0.989924	0	0	-0.141603	img_Drone1__0_1747157754284915200.png
Drone1	1747157754118	9.989	4.9224	0.666571	0.989924	0	0	-0.141603	img_Drone1__0_1747157754352417300.png
Drone1	1747157754181	9.989	4.9224	0.666571	0.989924	0	0	-0.141603	img_Drone1__0_1747157754417741700.png
Drone1	1747157754247	9.989	4.9224	0.666571	0.989924	0	0	-0.141603	img_Drone1__0_1747157754481392300.png
Drone1	1747157754307	9.989	4.9224	0.666571	0.989924	0	0	-0.141603	img_Drone1__0_1747157754543630500.png
Drone1	1747157754373	9.989	4.9224	0.666571	0.989924	0	0	-0.141603	img_Drone1__0_1747157754607842000.png
Drone1	1747157754436	9.989	4.9224	0.666571	0.989924	0	0	-0.141603	img_Drone1__0_1747157754671546400.png
Drone1	1747157754508	9.989	4.9224	0.666571	0.989924	0	0	-0.141603	img_Drone1__0_1747157754735366100.png
Drone1	1747157754565	9.989	4.9224	0.666571	0.989924	0	0	-0.141603	img_Drone1__0_1747157754799583600.png
Drone1	1747157754628	9.989	4.9224	0.666571	0.989924	0	0	-0.141603	img_Drone1__0_1747157754863355500.png
Drone1	1747157754694	9.989	4.9224	0.666571	0.989924	0	0	-0.141603	img_Drone1__0_1747157754930785800.png
Drone1	1747157754760	9.989	4.9224	0.666571	0.989924	0	0	-0.141603	img_Drone1__0_1747157754995130200.png
Drone1	1747157754823	9.989	4.9224	0.666571	0.989924	0	0	-0.141603	img_Drone1__0_1747157755060572100.png
Drone1	1747157754886	9.989	4.9224	0.666571	0.989924	0	0	-0.141603	img_Drone1__0_1747157755122536800.png
Drone1	1747157754949	9.989	4.9224	0.666571	0.989924	0	0	-0.141603	img_Drone1__0_1747157755186814100.png
Drone1	1747157755024	9.989	4.9224	0.666571	0.989924	0	0	-0.141603	img_Drone1__0_1747157755249888700.png
Drone1	1747157755078	9.989	4.9224	0.666571	0.989924	0	0	-0.141603	img_Drone1__0_1747157755313052500.png
Drone1	1747157755141	9.989	4.9224	0.666571	0.989924	0	0	-0.141603	img_Drone1__0_1747157755377271500.png
Drone1	1747157755204	9.989	4.9224	0.666571	0.989924	0	0	-0.141603	img_Drone1__0_1747157755441628300.png
Drone1	1747157755282	9.989	4.9224	0.666571	0.989924	0	0	-0.141603	img_Drone1__0_1747157755508122900.png
Drone1	1747157755336	9.989	4.9224	0.666571	0.989924	0	0	-0.141603	img_Drone1__0_1747157755573164700.png
Drone1	1747157755399	9.989	4.9224	0.666571	0.989924	0	0	-0.141603	img_Drone1__0_1747157755636294200.png
Drone1	1747157755465	9.989	4.9224	0.666571	0.989924	0	0	-0.141603	img_Drone1__0_1747157755700604500.png
Drone1	1747157755531	9.989	4.9224	0.666571	0.989924	0	0	-0.141603	img_Drone1__0_1747157755767348300.png
Drone1	1747157755597	9.989	4.9224	0.666571	0.989924	0	0	-0.141603	img_Drone1__0_1747157755832359900.png
Drone1	1747157755660	9.989	4.9224	0.666571	0.989924	0	0	-0.141603	img_Drone1__0_1747157755897422400.png
Drone1	1747157755723	9.989	4.9224	0.666571	0.989924	0	0	-0.141603	img_Drone1__0_1747157755961053500.png
Drone1	1747157755795	9.989	4.9224	0.666571	0.989924	0	0	-0.141603	img_Drone1__0_1747157756023380600.png
Drone1	1747157755849	9.989	4.9224	0.666571	0.989924	0	0	-0.141603	img_Drone1__0_1747157756086188900.png
Drone1	1747157755906	9.989	4.9224	0.666571	0.989924	0	0	-0.141603	img_Drone1__0_1747157756144392900.png
Drone1	1747157755969	9.989	4.9224	0.666571	0.989924	0	0	-0.141603	img_Drone1__0_1747157756206157200.png
Drone1	1747157756041	9.989	4.9224	0.666571	0.989924	0	0	-0.141603	img_Drone1__0_1747157756266208200.png
Drone1	1747157756092	9.989	4.9224	0.666571	0.989924	0	0	-0.141603	img_Drone1__0_1747157756327856700.png
Drone1	1747157756149	9.989	4.9224	0.666571	0.989924	0	0	-0.141603	img_Drone1__0_1747157756385609500.png
Drone1	1747157756209	9.989	4.9224	0.666571	0.989924	0	0	-0.141603	img_Drone1__0_1747157756447321800.png
Drone1	1747157756272	9.989	4.9224	0.666571	0.989924	0	0	-0.141603	img_Drone1__0_1747157756507823600.png
Drone1	1747157756332	9.989	4.9224	0.666571	0.989924	0	0	-0.141603	img_Drone1__0_1747157756568945300.png
Drone1	1747157756395	9.989	4.9224	0.666571	0.989924	0	0	-0.141603	img_Drone1__0_1747157756633007800.png
Drone1	1747157756458	9.989	4.9224	0.666571	0.989924	0	0	-0.141603	img_Drone1__0_1747157756695582600.png
Drone1	1747157756521	9.989	4.9224	0.666571	0.989924	0	0	-0.141603	img_Drone1__0_1747157756758660700.png
Drone1	1747157756584	9.989	4.9224	0.666571	0.989924	0	0	-0.141603	img_Drone1__0_1747157756821176400.png
Drone1	1747157756644	9.989	4.9224	0.666571	0.989924	0	0	-0.141603	img_Drone1__0_1747157756879746100.png
Drone1	1747157756701	9.989	4.9224	0.666571	0.989924	0	0	-0.141603	img_Drone1__0_1747157756939567400.png
Drone1	1747157756764	9.989	4.9224	0.666571	0.989924	0	0	-0.141603	img_Drone1__0_1747157756999503200.png
Drone1	1747157756821	9.989	4.9224	0.666571	0.989924	0	0	-0.141603	img_Drone1__0_1747157757058212800.png
Drone1	1747157756881	9.989	4.9224	0.666571	0.989924	0	0	-0.141603	img_Drone1__0_1747157757117564500.png
Drone1	1747157756941	9.989	4.9224	0.666571	0.989924	0	0	-0.141603	img_Drone1__0_1747157757177783400.png
Drone1	1747157757013	9.989	4.9224	0.666571	0.989924	0	0	-0.141603	img_Drone1__0_1747157757238497800.png
Drone1	1747157757061	9.989	4.9224	0.666571	0.989924	0	0	-0.141603	img_Drone1__0_1747157757297243100.png
Drone1	1747157757124	9.989	4.9224	0.666571	0.989924	0	0	-0.141603	img_Drone1__0_1747157757361173300.png
Drone1	1747157757187	9.989	4.9224	0.666571	0.989924	0	0	-0.141603	img_Drone1__0_1747157757423625300.png
Drone1	1747157757250	9.989	4.9224	0.666571	0.989924	0	0	-0.141603	img_Drone1__0_1747157757487567700.png
Drone1	1747157757310	9.989	4.9224	0.666571	0.989924	0	0	-0.141603	img_Drone1__0_1747157757548861500.png
Drone1	1747157757373	9.989	4.9224	0.666571	0.989924	0	0	-0.141603	img_Drone1__0_1747157757611564700.png
Drone1	1747157757436	9.989	4.9224	0.666571	0.989924	0	0	-0.141603	img_Drone1__0_1747157757673405900.png
Drone1	1747157757505	9.989	4.9224	0.666571	0.989924	0	0	-0.141603	img_Drone1__0_1747157757732335700.png
Drone1	1747157757556	9.989	4.9224	0.666571	0.989924	0	0	-0.141603	img_Drone1__0_1747157757792935300.png
Drone1	1747157757613	9.989	4.9224	0.666571	0.989924	0	0	-0.141603	img_Drone1__0_1747157757851951700.png
Drone1	1747157757676	9.989	4.9224	0.666571	0.989924	0	0	-0.141603	img_Drone1__0_1747157757912437800.png
Drone1	1747157757736	9.989	4.9224	0.666571	0.989924	0	0	-0.141603	img_Drone1__0_1747157757971849400.png
Drone1	1747157757796	9.989	4.9224	0.666571	0.989924	0	0	-0.141603	img_Drone1__0_1747157758032400000.png
Drone1	1747157757856	9.989	4.9224	0.666571	0.989924	0	0	-0.141603	img_Drone1__0_1747157758092838600.png
